2
12
4
1

-11.390013
888.4095
-59.216415

-62.9635
1237.4833
-78.58945

-149.48532
1109.8651
-55.63987

21.892218
-266.11707
-0.36837244

-26.573526
1167.115
-59.68736

-14.351812
824.7459
-56.039352

-89.95715
1212.5007
-69.42734

-58.812313
1204.9171
-65.441414

-53.671124
1191.7645
-62.567596

-43.372402
1081.2053
-51.230186

7.1899147
-165.02094
1.5327196

-89.40313
1214.1093
-72.25012

1.2767557
-26.038034
-31.497372
-30.084383
5.9368687
-30.762474
-25.222929
-30.587984
-32.34265
-30.77321
-30.486456
4.4141316
-30.239212

0.803004
-13.940728
-16.105547
-16.944828
2.1087425
-17.6488
-13.899165
-17.376959
-16.012018
-16.98348
-17.700106
0.87521464
-16.347408

0.87191314
-16.442848
-17.456816
-19.609457
2.1416986
-19.79997
-14.967663
-19.35898
-18.562965
-19.205997
-18.120861
1.894436
-18.92701

0.82769
-18.897238
-20.290194
-20.972347
4.2632465
-21.457216
-18.875221
-20.798887
-21.810322
-22.537964
-21.845772
1.5067476
-21.727497

2.4322488
-2.7870457
-1.6958663
-1.868772
-2.1210234

